0.00306109
0.00648857
0.00928070
0.01151239
0.01333349
0.01488743
0.01628027
0.01757101
0.01880779
0.02001323
0.02119463
0.02237007
0.02354562
0.02472405
0.02590203
0.02709572
0.02831548
0.02956342
0.03086334
0.03220969
0.03359673
0.03504452
0.03653741
0.03806199
0.03960065
0.04113135
0.04263270
0.04402948
0.04528482
0.04639335
0.04737142
0.04822190
0.04896592
0.04964235
0.05023934
0.05076067
0.05123474
0.05166662
0.05206597
0.05243847
0.05276985
0.05306691
0.05333638
0.05358119
0.05379704
0.05400698
0.05420327
0.05438894
0.05456537
0.05473229
0.05488630
0.05503153
0.05516629
0.05529013
0.05540577
0.05551779
0.05562035
0.05572117
0.05582065
0.05591258
0.05600270
0.05608836
0.05616984
0.05625141
0.05633215
0.05641116
0.05649045
0.05656649
0.05664178
0.05671485
0.05678094
0.05684529
0.05690758
0.05697064
0.05703099
0.05708914
0.05714275
0.05719841
0.05725482
0.05730652
