0.00302981
0.00645878
0.00932316
0.01167901
0.01364943
0.01534986
0.01687621
0.01830130
0.01966628
0.02099643
0.02232063
0.02364343
0.02496226
0.02630031
0.02764697
0.02900007
0.03036866
0.03175597
0.03315982
0.03459980
0.03605480
0.03752445
0.03902835
0.04052166
0.04198069
0.04338609
0.04472990
0.04596275
0.04706435
0.04798235
0.04874466
0.04937968
0.04991885
0.05038086
0.05078090
0.05113232
0.05143975
0.05171312
0.05195916
0.05219048
0.05240380
0.05260379
0.05279208
0.05296889
0.05313770
0.05329810
0.05344557
0.05358839
0.05372606
0.05385664
0.05398384
0.05411045
0.05423201
0.05434658
0.05445980
0.05456902
0.05467416
0.05477427
0.05487103
0.05496504
0.05506244
0.05515453
0.05524224
0.05532871
0.05541058
0.05549284
0.05557438
0.05565508
0.05573213
0.05580780
0.05588147
0.05595172
0.05601958
0.05608586
0.05615352
0.05621854
0.05628370
0.05634800
0.05641016
0.05646980
