8.76742649
4.07227421
2.08667755
1.18592656
0.75598168
0.52399361
0.38703638
0.30153927
0.24390340
0.20527487
0.17748606
0.15482889
0.13692348
0.12293255
0.11128887
0.10141516
0.09260942
0.08460760
0.07765426
0.07193364
0.06762686
0.06468387
0.06288423
0.06151384
0.05994219
0.05766102
0.05437832
0.04992718
0.04452992
0.03870545
0.03305919
0.02786229
0.02327664
0.01930275
0.01599686
0.01316588
0.01080131
0.00888628
0.00736512
0.00608255
0.00505860
0.00412078
0.00346153
0.00284204
0.00246422
0.00196928
0.00166248
0.00136485
0.00117364
0.00104387
0.00090940
0.00074895
0.00075453
0.00059985
0.00053421
0.00051231
0.00037946
0.00041900
0.00041175
0.00038210
0.00030909
0.00031928
0.00028867
0.00025091
0.00021775
0.00027080
0.00032397
0.00023865
0.00023774
0.00025797
0.00022530
0.00023671
0.00019822
0.00027485
0.00020553
0.00018470
0.00020564
0.00022184
0.00018964
0.00020457
