413.87139893
1233.98986816
2154.52807617
3031.02197266
3856.58447266
4659.54785156
5462.18115234
6273.41992188
7101.95458984
7949.35595703
8804.75781250
9678.88378906
10567.17675781
11452.76953125
12323.62402344
13208.26074219
14094.83593750
14959.85546875
15828.44238281
16678.66210938
17502.09179688
18319.56445312
19122.08984375
19905.41601562
20650.45312500
21407.75390625
22178.29492188
22948.49804688
23756.49023438
24547.42968750
25321.52929688
26047.74414062
26792.02343750
27561.28320312
28260.10351562
28875.91601562
29417.41210938
29917.84375000
30392.21289062
30832.58789062
31201.71875000
31527.52929688
31822.12695312
32105.18945312
32342.41992188
32582.74023438
32806.10156250
33006.33984375
33180.43359375
33351.80859375
33515.60546875
33674.99218750
33816.90625000
33932.75000000
34030.31250000
34124.69921875
34225.03515625
34321.50000000
34399.97265625
34477.87890625
34550.09375000
34618.60156250
34689.21484375
34768.42187500
34852.08203125
34923.79687500
34992.77734375
35050.92187500
35112.50000000
35168.68750000
35224.36328125
35273.62109375
35319.64843750
35381.18359375
35427.06250000
35471.66796875
35511.89453125
35556.59765625
35599.85937500
35641.39062500
