13.54382801
5.83844376
3.08427906
1.90633047
1.31658053
0.97489226
0.75797439
0.60703546
0.49596047
0.40994442
0.34207657
0.28732800
0.24320437
0.20719428
0.17763337
0.15288864
0.13175558
0.11350670
0.09766765
0.08386838
0.07206977
0.06210694
0.05360492
0.04644099
0.04050889
0.03550771
0.03144126
0.02813207
0.02541402
0.02320064
0.02130022
0.01971746
0.01838060
0.01723490
0.01628925
0.01550609
0.01484039
0.01428203
0.01380176
0.01338997
0.01304142
0.01273816
0.01247138
0.01223689
0.01202851
0.01184047
0.01167189
0.01152246
0.01138673
0.01126299
0.01114597
0.01103678
0.01093637
0.01084487
0.01075906
0.01067930
0.01060670
0.01053948
0.01047785
0.01041919
0.01036248
0.01031124
0.01026180
0.01021364
0.01016692
0.01012331
0.01008072
0.01003897
0.00999889
0.00995789
0.00991932
0.00988216
0.00984653
0.00981121
0.00977727
0.00974423
0.00971195
0.00968052
0.00965021
0.00962161
