14.02554131
6.40611362
3.55656028
2.26840234
1.59440875
1.20098746
0.94370246
0.76380086
0.62984771
0.52581608
0.44209906
0.37469435
0.31899017
0.27273023
0.23469764
0.20313537
0.17625524
0.15344927
0.13423887
0.11754890
0.10302170
0.09048079
0.07971656
0.07068073
0.06306824
0.05663843
0.05124399
0.04677834
0.04321484
0.04040950
0.03820800
0.03642323
0.03494323
0.03370034
0.03261323
0.03166786
0.03082434
0.03008303
0.02941849
0.02881568
0.02826300
0.02775561
0.02729020
0.02685914
0.02645589
0.02609266
0.02575966
0.02545078
0.02515886
0.02488216
0.02462027
0.02436700
0.02412900
0.02390770
0.02369891
0.02349908
0.02330885
0.02312756
0.02295851
0.02279360
0.02263675
0.02248672
0.02233959
0.02219731
0.02205731
0.02192425
0.02179598
0.02167207
0.02155076
0.02143282
0.02132004
0.02121207
0.02110943
0.02100853
0.02090963
0.02081437
0.02072065
0.02062950
0.02054173
0.02045626
